-1.700000000000000000e+01 2.070000010192154072e+00
-1.678957915831663428e+01 2.070000015308233632e+00
-1.657915831663326500e+01 2.070000022882600987e+00
-1.636873747494989928e+01 2.070000034041458825e+00
-1.615831663326653356e+01 2.070000050400484515e+00
-1.594789579158316606e+01 2.070000074265371914e+00
-1.573747494989980034e+01 2.070000108909180625e+00
-1.552705410821643284e+01 2.070000158953659408e+00
-1.531663326653306711e+01 2.070000230890439941e+00
-1.510621242484969962e+01 2.070000333789193459e+00
-1.489579158316633212e+01 2.070000480254079900e+00
-1.468537074148296639e+01 2.070000687707793663e+00
-1.447494989979959890e+01 2.070000980104986787e+00
-1.426452905811623317e+01 2.070001390204707636e+00
-1.405410821643286567e+01 2.070001962565714226e+00
-1.384368737474949995e+01 2.070002757470100985e+00
-1.363326653306613245e+01 2.070003856030752765e+00
-1.342284569138276495e+01 2.070005366797703417e+00
-1.321242484969939923e+01 2.070007434248595235e+00
-1.300200400801603173e+01 2.070010249629885557e+00
-1.279158316633266601e+01 2.070014064708827206e+00
-1.258116232464929851e+01 2.070019209101707780e+00
-1.237074148296593279e+01 2.070026111960978632e+00
-1.216032064128256529e+01 2.070035328931568053e+00
-1.194989979959919779e+01 2.070047575422786945e+00
-1.173947895791583207e+01 2.070063767383473863e+00
-1.152905811623246635e+01 2.070085070909824854e+00
-1.131863727454909885e+01 2.070112962151352320e+00
-1.110821643286573135e+01 2.070149299102687301e+00
-1.089779559118236563e+01 2.070196406967495850e+00
-1.068737474949899813e+01 2.070257178843767587e+00
-1.047695390781563063e+01 2.070335193493357373e+00
-1.026653306613226491e+01 2.070434851907436258e+00
-1.005611222444889918e+01 2.070561534246544433e+00
-9.845691382765531685e+00 2.070721778501539045e+00
-9.635270541082164186e+00 2.070923481872127159e+00
-9.424849699398798464e+00 2.071176125375862931e+00
-9.214428857715430965e+00 2.071491021567658297e+00
-9.004008016032063466e+00 2.071881584456465308e+00
-8.793587174348697744e+00 2.072363619745297481e+00
-8.583166332665332021e+00 2.072955632393236769e+00
-8.372745490981964522e+00 2.073679147211696883e+00
-8.162324649298597024e+00 2.074559036780080579e+00
-7.951903807615231301e+00 2.075623849427219003e+00
-7.741482965931863802e+00 2.076906128415993980e+00
-7.531062124248498080e+00 2.078442711843313084e+00
-7.320641282565130581e+00 2.080275001192806617e+00
-7.110220440881764858e+00 2.082449185031510552e+00
-6.899799599198397360e+00 2.085016403112681882e+00
-6.689378757515029861e+00 2.088032835230259732e+00
-6.478957915831664138e+00 2.091559698665395928e+00
-6.268537074148296639e+00 2.095663138069963516e+00
-6.058116232464930917e+00 2.100413992237619709e+00
-5.847695390781563418e+00 2.105887423499019029e+00
-5.637274549098197696e+00 2.112162397504428135e+00
-5.426853707414830197e+00 2.119321003959577787e+00
-5.216432865731462698e+00 2.127447612463090110e+00
-5.006012024048096976e+00 2.136627861924216720e+00
-4.795591182364729477e+00 2.146947487045732128e+00
-4.585170340681363754e+00 2.158490990924523789e+00
-4.374749498997996255e+00 2.171340178795476028e+00
-4.164328657314630533e+00 2.185572574126900758e+00
-3.953907815631263034e+00 2.201259744437781052e+00
-3.743486973947897312e+00 2.218465570091296968e+00
-3.533066132264529813e+00 2.237244494651552618e+00
-3.322645290581162314e+00 2.257639799892664279e+00
-3.112224448897796591e+00 2.279681951952064356e+00
-2.901803607214429093e+00 2.303387067177710801e+00
-2.691382765531063370e+00 2.328755546725330916e+00
-2.480961923847695871e+00 2.355770927763162881e+00
-2.270541082164330149e+00 2.384398996149316829e+00
-2.060120240480962650e+00 2.414587200647338783e+00
-1.849699398797596928e+00 2.446264402206314692e+00
-1.639278557114229429e+00 2.479340983704104939e+00
-1.428857715430861930e+00 2.513709336068310929e+00
-1.218436873747496207e+00 2.549244726156330021e+00
-1.008016032064128709e+00 2.585806540563143407e+00
-7.975951903807612098e-01 2.623239888051160484e+00
-5.871743486973954873e-01 2.661377532007187074e+00
-3.767535070140297648e-01 2.700042113682171063e+00
-1.663326653306640424e-01 2.739048617400180241e+00
4.408817635270523283e-02 2.778207020838078023e+00
2.545090180360709553e-01 2.817325067223148238e+00
4.649298597194366778e-01 2.856211092143767782e+00
6.753507014028059530e-01 2.894676835799484316e+00
8.857715430861716754e-01 2.932540172013638369e+00
1.096192384769537398e+00 2.969627688172003399e+00
1.306613226452903120e+00 3.005777055310348445e+00
1.517034068136272396e+00 3.040839134631816876e+00
1.727454909819638118e+00 3.074679775486743427e+00
1.937875751503003841e+00 3.107181269919937261e+00
2.148296593186373116e+00 3.138243439861713835e+00
2.358717434869738838e+00 3.167784344459864787e+00
2.569138276553104561e+00 3.195740606466305422e+00
2.779559118236470283e+00 3.222067367567211793e+00
2.989979959919839558e+00 3.246737892679308235e+00
3.200400801603205281e+00 3.269742852182440984e+00
3.410821643286571003e+00 3.291089318542857800e+00
3.621242484969940278e+00 3.310799519603871310e+00
3.831663326653306001e+00 3.328909394864778992e+00
4.042084168336671723e+00 3.345467003301832332e+00
4.252505010020037446e+00 3.360530831752941427e+00
4.462925851703406721e+00 3.374168051707639115e+00
4.673346693386772444e+00 3.386452769693316434e+00
4.883767535070138166e+00 3.397464312552351817e+00
5.094188376753507441e+00 3.407285584019757785e+00
5.304609218436873164e+00 3.416001523412319330e+00
5.515030060120238886e+00 3.423697691206129434e+00
5.725450901803604609e+00 3.430459000078212028e+00
5.935871743486973884e+00 3.436368603866668980e+00
6.146292585170339606e+00 3.441506951079055909e+00
6.356713426853705329e+00 3.445951004230271675e+00
6.567134268537074604e+00 3.449773621557846948e+00
6.777555110220440326e+00 3.453043093640753458e+00
6.987975951903806049e+00 3.455822824192635423e+00
7.198396793587171771e+00 3.458171141828326967e+00
7.408817635270541047e+00 3.460141227895712213e+00
7.619238476953906769e+00 3.461781144477210859e+00
7.829659318637272492e+00 3.463133946327259682e+00
8.040080160320638214e+00 3.464237860739218799e+00
8.250501002004007489e+00 3.465126520032088209e+00
8.460921843687373212e+00 3.465829232415267303e+00
8.671342685370738934e+00 3.466371278330300232e+00
8.881763527054108209e+00 3.466774220889227820e+00
9.092184368737473932e+00 3.467056220645461373e+00
9.302605210420839654e+00 3.467232346571420987e+00
9.513026052104205377e+00 3.467314876716023786e+00
9.723446893787574652e+00 3.467313583525804876e+00
9.933867735470940374e+00 3.467236000199664936e+00
1.014428857715430610e+01 3.467087665684512210e+00
1.035470941883767537e+01 3.466872346993554732e+00
1.056513026052104109e+01 3.466592238435809215e+00
1.077555110220440682e+01 3.466248138087375974e+00
1.098597194388777254e+01 3.465839602420661247e+00
1.119639278557114181e+01 3.465365080449902546e+00
1.140681362725450754e+01 3.464822029065644848e+00
1.161723446893787326e+01 3.464207011434368155e+00
1.182765531062124253e+01 3.463515780449804460e+00
1.203807615230460826e+01 3.462743349256646841e+00
1.224849699398797398e+01 3.461884050841403937e+00
1.245891783567133970e+01 3.460931588613462395e+00
1.266933867735470898e+01 3.459879079794637491e+00
1.287975951903807470e+01 3.458719093308331161e+00
1.309018036072144042e+01 3.457443683718588012e+00
1.330060120240480614e+01 3.456044422621841861e+00
1.351102204408817542e+01 3.454512428745140973e+00
1.372144288577154114e+01 3.452838397857990849e+00
1.393186372745490686e+01 3.451012633463113488e+00
1.414228456913827614e+01 3.449025079095973112e+00
1.435270541082164186e+01 3.446865352934483262e+00
1.456312625250500759e+01 3.444522785299076517e+00
1.477354709418837331e+01 3.441986459508931784e+00
1.498396793587174258e+01 3.439245256452054367e+00
1.519438877755511186e+01 3.436287903124425114e+00
1.540480961923847758e+01 3.433103025295821897e+00
1.561523046092184330e+01 3.429679204366489209e+00
1.582565130260520903e+01 3.426005038389097201e+00
1.603607214428857475e+01 3.422069207143887848e+00
1.624649298597194047e+01 3.417860541071361169e+00
1.645691382765530619e+01 3.413368093786249613e+00
1.666733466933867192e+01 3.408581217818962728e+00
1.687775551102204474e+01 3.403489643156414335e+00
1.708817635270541047e+01 3.398083558083672795e+00
1.729859719438877619e+01 3.392353691761690992e+00
1.750901803607214191e+01 3.386291397915167423e+00
1.771943887775550763e+01 3.379888738949135440e+00
1.792985971943887336e+01 3.373138569763931116e+00
1.814028056112223908e+01 3.366034620496558105e+00
1.835070140280561191e+01 3.358571577383010709e+00
1.856112224448897763e+01 3.350745160911533738e+00
1.877154308617234335e+01 3.342552200421855968e+00
1.898196392785570907e+01 3.333990704300710206e+00
1.919238476953907480e+01 3.325059924929992583e+00
1.940280561122244052e+01 3.315760417561071982e+00
1.961322645290580624e+01 3.306094092317273248e+00
1.982364729458917907e+01 3.296064258566515193e+00
2.003406813627254479e+01 3.285675660957342092e+00
2.024448897795591051e+01 3.274934506473904605e+00
2.045490981963927624e+01 3.263848481938291801e+00
2.066533066132264196e+01 3.252426761471415961e+00
2.087575150300600768e+01 3.240680003515444607e+00
2.108617234468937340e+01 3.228620337120683637e+00
2.129659318637274623e+01 3.216261337306550949e+00
2.150701402805611195e+01 3.203617989418566125e+00
2.171743486973947768e+01 3.190706642519689495e+00
2.192785571142284340e+01 3.177544951973258147e+00
2.213827655310620912e+01 3.164151811494620326e+00
2.234869739478957484e+01 3.150547275067583808e+00
2.255911823647294057e+01 3.136752469238366370e+00
2.276953907815631339e+01 3.122789496412076815e+00
2.297995991983967912e+01 3.108681329883166367e+00
2.319038076152304484e+01 3.094451701430308344e+00
2.340080160320641056e+01 3.080124982396105882e+00
2.361122244488977628e+01 3.065726059251604685e+00
2.382164328657314201e+01 3.051280204713581856e+00
2.403206412825650773e+01 3.036812945537862074e+00
2.424248496993988056e+01 3.022349928153643894e+00
2.445290581162324628e+01 3.007916783331400445e+00
2.466332665330661200e+01 2.993538991089795154e+00
2.487374749498997772e+01 2.979241747045177302e+00
2.508416833667334345e+01 2.965049831390462298e+00
2.529458917835670917e+01 2.950987481659006484e+00
2.550501002004007489e+01 2.937078270383791878e+00
2.571543086172344772e+01 2.923344988703670211e+00
2.592585170340681344e+01 2.909809536897481674e+00
2.613627254509017916e+01 2.896492822744618501e+00
2.634669338677354489e+01 2.883414668518442969e+00
2.655711422845691061e+01 2.870593727318178523e+00
2.676753507014027633e+01 2.858047409337141520e+00
2.697795591182364205e+01 2.845791818551992591e+00
2.718837675350701488e+01 2.833841700200827152e+00
2.739879759519038060e+01 2.822210399299033501e+00
2.760921843687374633e+01 2.810909830322668945e+00
2.781963927855711205e+01 2.799950458071344350e+00
2.803006012024047777e+01 2.789341289607758068e+00
2.824048096192384349e+01 2.779089877060758162e+00
2.845090180360720922e+01 2.769202330974424697e+00
2.866132264529058205e+01 2.759683343788458032e+00
2.887174348697394777e+01 2.750536222946306175e+00
2.908216432865731349e+01 2.741762933047806161e+00
2.929258517034067921e+01 2.733364146393566063e+00
2.950300601202404494e+01 2.725339301209319220e+00
2.971342685370741066e+01 2.717686666790547267e+00
2.992384769539077638e+01 2.710403414770947705e+00
3.013426853707414921e+01 2.703485695692853241e+00
3.034468937875751493e+01 2.696928720043337169e+00
3.055511022044088065e+01 2.690726842916131734e+00
3.076553106212424638e+01 2.684873651466192168e+00
3.097595190380761210e+01 2.679362054340098442e+00
3.118637274549097782e+01 2.674184372290800304e+00
3.139679358717434354e+01 2.669332429218625347e+00
3.160721442885770927e+01 2.664797642921024057e+00
3.181763527054108209e+01 2.660571114880303512e+00
3.202805611222444782e+01 2.656643718470487858e+00
3.223847695390781354e+01 2.653006185020445606e+00
3.244889779559117926e+01 2.649649187229455194e+00
3.265931863727454498e+01 2.646563419492412361e+00
3.286973947895791071e+01 2.643739674753875946e+00
3.308016032064127643e+01 2.641168917572191965e+00
3.329058116232464926e+01 2.638842353136075403e+00
3.350100200400801498e+01 2.636751492035477540e+00
3.371142284569138070e+01 2.634888210645525586e+00
3.392184368737474642e+01 2.633244807036214219e+00
3.413226452905811215e+01 2.631814052370702761e+00
3.434268537074147787e+01 2.630589237801113089e+00
3.455310621242484359e+01 2.629564216912274599e+00
3.476352705410821642e+01 2.628733443800613578e+00
3.497394789579158214e+01 2.628092006907168710e+00
3.518436873747494786e+01 2.627635658750520520e+00
3.539478957915831359e+01 2.627360841727112817e+00
3.560521042084167931e+01 2.627264710163259576e+00
3.581563126252504503e+01 2.627345148815083409e+00
3.602605210420841075e+01 2.627600788020066247e+00
3.623647294589178358e+01 2.628031015706954410e+00
3.644689378757514930e+01 2.628635986469887165e+00
3.665731462925851503e+01 2.629416627908085502e+00
3.686773547094188075e+01 2.630374644424660069e+00
3.707815631262524647e+01 2.631512518667492806e+00
3.728857715430861219e+01 2.632833510782115916e+00
3.749899799599197792e+01 2.634341655631478041e+00
3.770941883767535074e+01 2.636041758120897693e+00
3.791983967935871647e+01 2.637939386748744841e+00
3.813026052104208219e+01 2.640040865484883703e+00
3.834068136272544791e+01 2.642353264060026241e+00
3.855110220440881363e+01 2.644884386730253389e+00
3.876152304609217936e+01 2.647642759562407022e+00
3.897194388777554508e+01 2.650637616268121555e+00
3.918236472945891791e+01 2.653878882597265232e+00
3.939278557114228363e+01 2.657377159285717827e+00
3.960320641282564935e+01 2.661143703537961702e+00
3.981362725450901507e+01 2.665190409012078376e+00
4.002404809619238080e+01 2.669529784263606320e+00
4.023446893787574652e+01 2.674174929595405370e+00
4.044488977955911224e+01 2.679139512253344346e+00
4.065531062124248507e+01 2.684437739902311382e+00
4.086573146292585079e+01 2.690084332313780191e+00
4.107615230460921651e+01 2.696094491195010434e+00
4.128657314629258224e+01 2.702483868090838737e+00
4.149699398797594796e+01 2.709268530292000321e+00
4.170741482965931368e+01 2.716464924688839044e+00
4.191783567134267940e+01 2.724089839516173228e+00
4.212825651302605223e+01 2.732160363943808790e+00
4.233867735470941795e+01 2.740693845477685464e+00
4.254909819639278368e+01 2.749707845148781971e+00
4.275951903807614940e+01 2.759220090480532850e+00
4.296993987975951512e+01 2.769248426240582983e+00
4.318036072144288084e+01 2.779810762998931484e+00
4.339078156312624657e+01 2.790925023531910742e+00
4.360120240480961229e+01 2.802609087129706467e+00
4.381162324649298512e+01 2.814880731884163101e+00
4.402204408817635084e+01 2.827757575053235772e+00
4.423246492985971656e+01 2.841257011618486761e+00
4.444288577154308229e+01 2.855396151172240327e+00
4.465330661322644801e+01 2.870191753291335690e+00
4.486372745490981373e+01 2.885660161574513882e+00
4.507414829659317945e+01 2.901817236540324529e+00
4.528456913827655228e+01 2.918678287601699228e+00
4.549498997995991800e+01 2.936258004351930850e+00
4.570541082164328373e+01 2.954570387414524824e+00
4.591583166332664945e+01 2.973628679125996932e+00
4.612625250501001517e+01 2.993445294336129603e+00
4.633667334669338089e+01 3.014031751624205668e+00
4.654709418837674662e+01 3.035398605242165093e+00
4.675751503006011944e+01 3.057555378106405986e+00
4.696793587174348517e+01 3.080510496168808121e+00
4.717835671342685089e+01 3.104271224504500548e+00
4.738877755511022372e+01 3.128843605458676791e+00
4.759919839679358233e+01 3.154232399197404835e+00
4.780961923847695516e+01 3.180441027007717025e+00
4.802004008016031378e+01 3.207471517690189788e+00
4.823046092184368661e+01 3.235324457382874552e+00
4.844088176352704522e+01 3.263998943148444631e+00
4.865130260521041805e+01 3.293492540647187994e+00
4.886172344689379088e+01 3.323801246206544935e+00
4.907214428857714950e+01 3.354919453583725453e+00
4.928256513026052232e+01 3.386839925701217169e+00
4.949298597194388094e+01 3.419553771615992943e+00
4.970340681362725377e+01 3.453050428962030072e+00
4.991382765531061239e+01 3.487317652082233099e+00
5.012424849699398521e+01 3.522341506040529424e+00
5.033466933867734383e+01 3.558106366677435517e+00
5.054509018036071666e+01 3.594594926843472926e+00
5.075551102204408949e+01 3.631788208914047189e+00
5.096593186372744810e+01 3.669665583657556684e+00
5.117635270541082093e+01 3.708204795495295691e+00
5.138677354709417955e+01 3.747381994157658269e+00
5.159719438877755238e+01 3.787171772706505735e+00
5.180761523046091099e+01 3.827547211858202125e+00
5.201803607214428382e+01 3.868479930506614650e+00
5.222845691382765665e+01 3.909940142309861422e+00
5.243887775551101527e+01 3.951896718169725098e+00
5.264929859719438809e+01 3.994317254398125350e+00
5.285971943887774671e+01 4.037168146331431728e+00
5.307014028056111954e+01 4.080414667120995986e+00
5.328056112224447816e+01 4.124021051396990600e+00
5.349098196392785098e+01 4.167950583473196247e+00
5.370140280561122381e+01 4.212165689732516149e+00
5.391182364729458243e+01 4.256628034807386385e+00
5.412224448897795526e+01 4.301298621145716261e+00
5.433266533066131387e+01 4.346137891531924424e+00
5.454308617234468670e+01 4.391105834114321205e+00
5.475350701402804532e+01 4.436162089474203540e+00
5.496392785571141815e+01 4.481266059259394474e+00
5.517434869739479097e+01 4.526377015894937017e+00
5.538476953907814959e+01 4.571454212877009482e+00
5.559519038076152242e+01 4.616456995152356413e+00
5.580561122244488104e+01 4.661344909084998100e+00
5.601603206412825386e+01 4.706077811514678189e+00
5.622645290581161248e+01 4.750615977417089297e+00
5.643687374749498531e+01 4.794920205684921832e+00
5.664729458917835814e+01 4.838951922560401187e+00
5.685771543086171675e+01 4.882673282264899939e+00
5.706813627254508958e+01 4.926047264388611069e+00
5.727855711422844820e+01 4.969037767623476931e+00
5.748897795591182103e+01 5.011609699445310540e+00
5.769939879759517964e+01 5.053729061375901388e+00
5.790981963927855247e+01 5.095363029483142014e+00
5.812024048096192530e+01 5.136480029806044456e+00
5.833066132264528392e+01 5.177049808422349741e+00
5.854108216432865675e+01 5.217043495908387563e+00
5.875150300601201536e+01 5.256433665974214797e+00
5.896192384769538819e+01 5.295194388091292836e+00
5.917234468937874681e+01 5.333301273964782041e+00
5.938276553106211963e+01 5.370731517737954874e+00
5.959318637274549246e+01 5.407463929851601847e+00
5.980360721442885108e+01 5.443478964516746288e+00
6.001402805611222391e+01 5.478758740794006599e+00
6.022444889779558252e+01 5.513287057307266537e+00
6.043486973947895535e+01 5.547049400653111917e+00
6.064529058116231397e+01 5.580032947599792514e+00
6.085571142284568680e+01 5.612226561200975183e+00
6.106613226452905963e+01 5.643620780979178519e+00
6.127655310621241824e+01 5.674207807362094513e+00
6.148697394789579107e+01 5.703981480581289176e+00
6.169739478957914969e+01 5.732937254267197247e+00
6.190781563126252252e+01 5.761072163996740159e+00
6.211823647294588113e+01 5.788384791069930202e+00
6.232865731462925396e+01 5.814875221809860051e+00
6.253907815631262679e+01 5.840545002695902710e+00
6.274949899799598541e+01 5.865397091653236750e+00
6.295991983967935823e+01 5.889435805832532012e+00
6.317034068136271685e+01 5.912666766222008263e+00
6.338076152304608968e+01 5.935096839440118899e+00
6.359118236472944830e+01 5.956734077060639621e+00
6.380160320641282112e+01 5.977587652823387998e+00
6.401202404809619395e+01 5.997667798082756185e+00
6.422244488977955257e+01 6.016985735843276117e+00
6.443286573146292540e+01 6.035553613726236222e+00
6.464328657314628401e+01 6.053384436204320984e+00
6.485370741482965684e+01 6.070491996432373583e+00
6.506412825651301546e+01 6.086890807991719221e+00
6.527454909819638829e+01 6.102596036853467965e+00
6.548496993987976111e+01 6.117623433852525494e+00
6.569539078156311973e+01 6.131989267949396805e+00
6.590581162324649256e+01 6.145710260540862002e+00
6.611623246492985118e+01 6.158803521063848763e+00
6.632665330661322400e+01 6.171286484119216098e+00
6.653707414829658262e+01 6.183176848323908459e+00
6.674749498997995545e+01 6.194492517081330973e+00
6.695791583166332828e+01 6.205251541440729213e+00
6.716833667334668689e+01 6.215472065197262808e+00
6.737875751503005972e+01 6.225172272365288251e+00
6.758917835671341834e+01 6.234370337138278373e+00
6.779959919839679117e+01 6.243084376430048543e+00
6.801002004008014978e+01 6.251332405073505960e+00
6.822044088176352261e+01 6.259132293735157226e+00
6.843086172344689544e+01 6.266501729586254399e+00
6.864128256513025406e+01 6.273458179754742403e+00
6.885170340681362688e+01 6.280018857566198598e+00
6.906212424849698550e+01 6.286200691566821597e+00
6.927254509018035833e+01 6.292020297307292509e+00
6.948296593186371695e+01 6.297493951852988658e+00
6.969338677354708977e+01 6.302637570973692149e+00
6.990380761523046260e+01 6.307466688954620260e+00
7.011422845691382122e+01 6.311996440960246701e+00
7.032464929859719405e+01 6.316241547873165274e+00
7.053507014028055266e+01 6.320216303521934975e+00
7.074549098196392549e+01 6.323934564204734876e+00
7.095591182364728411e+01 6.327409740409381200e+00
7.116633266533065694e+01 6.330654790625137807e+00
7.137675350701402976e+01 6.333682217137519110e+00
7.158717434869738838e+01 6.336504063693988442e+00
7.179759519038076121e+01 6.339131914926122491e+00
7.200801603206411983e+01 6.341576897412252833e+00
7.221843687374749265e+01 6.343849682263915213e+00
7.242885771543085127e+01 6.345960489119465642e+00
7.263927855711422410e+01 6.347919091429020888e+00
7.284969939879759693e+01 6.349734822916238031e+00
7.306012024048095554e+01 6.351416585104510126e+00
7.327054108216432837e+01 6.352972855797665908e+00
7.348096192384768699e+01 6.354411698408329201e+00
7.369138276553105982e+01 6.355740772030518571e+00
7.390180360721441843e+01 6.356967342156938372e+00
7.411222444889779126e+01 6.358098291945536218e+00
7.432264529058116409e+01 6.359140133944327644e+00
7.453306613226452271e+01 6.360099022188127726e+00
7.474348697394789554e+01 6.360980764585609570e+00
7.495390781563125415e+01 6.361790835520032772e+00
7.516432865731462698e+01 6.362534388591969403e+00
7.537474949899798560e+01 6.363216269437403483e+00
7.558517034068135843e+01 6.363841028559555468e+00
7.579559118236473125e+01 6.364412934117827270e+00
7.600601202404808987e+01 6.364935984622133169e+00
7.621643286573146270e+01 6.365413921485738591e+00
7.642685370741482132e+01 6.365850241394396924e+00
7.663727454909819414e+01 6.366248208454152291e+00
7.684769539078155276e+01 6.366610866084561060e+00
7.705811623246492559e+01 6.366941048628285138e+00
7.726853707414829842e+01 6.367241392652054799e+00
7.747895791583165703e+01 6.367514347917779816e+00
7.768937875751502986e+01 6.367762188006223845e+00
7.789979959919838848e+01 6.367987020579016999e+00
7.811022044088176131e+01 6.368190797267962111e+00
7.832064128256511992e+01 6.368375323183521175e+00
7.853106212424849275e+01 6.368542266037088950e+00
7.874148296593185137e+01 6.368693164874160040e+00
7.895190380761522420e+01 6.368829438417773048e+00
7.916232464929859702e+01 6.368952393023682212e+00
7.937274549098195564e+01 6.369063230250567642e+00
7.958316633266532847e+01 6.369163054050263284e+00
7.979358717434868709e+01 6.369252877584433925e+00
8.000400801603205991e+01 6.369333629675447028e+00
8.021442885771541853e+01 6.369406160900270564e+00
8.042484969939879136e+01 6.369471249337195218e+00
8.063527054108216419e+01 6.369529605975968067e+00
8.084569138276552280e+01 6.369581879802573177e+00
8.105611222444889563e+01 6.369628662570427480e+00
8.126653306613225425e+01 6.369670493270122691e+00
8.147695390781562708e+01 6.369707862310161062e+00
8.168737474949898569e+01 6.369741215421283798e+00
8.189779559118235852e+01 6.369770957297076208e+00
8.210821643286573135e+01 6.369797454983551432e+00
8.231863727454908997e+01 6.369821041030300890e+00
8.252905811623246279e+01 6.369842016415696584e+00
8.273947895791582141e+01 6.369860653258399452e+00
8.294989979959919424e+01 6.369877197327165064e+00
8.316032064128255286e+01 6.369891870360689268e+00
8.337074148296592568e+01 6.369904872208831392e+00
8.358116232464929851e+01 6.369916382806259492e+00
8.379158316633265713e+01 6.369926563989110946e+00
8.400200400801602996e+01 6.369935561164898452e+00
8.421242484969938857e+01 6.369943504845443805e+00
8.442284569138276140e+01 6.369950512052197311e+00
8.463326653306612002e+01 6.369956687602866374e+00
8.484368737474949285e+01 6.369962125287834454e+00
8.505410821643286567e+01 6.369966908944408424e+00
8.526452905811622429e+01 6.369971113436498911e+00
8.547494989979959712e+01 6.369974805546934071e+00
8.568537074148295574e+01 6.369978044789135652e+00
8.589579158316632856e+01 6.369980884144542443e+00
8.610621242484968718e+01 6.369983370731715944e+00
8.631663326653306001e+01 6.369985546412706867e+00
8.652705410821643284e+01 6.369987448341888125e+00
8.673747494989979145e+01 6.369989109462098398e+00
8.694789579158316428e+01 6.369990558952619786e+00
8.715831663326652290e+01 6.369991822633146228e+00
8.736873747494989573e+01 6.369992923327663092e+00
8.757915831663325434e+01 6.369993881191789775e+00
8.778957915831662717e+01 6.369994714006928405e+00
8.800000000000000000e+01 6.369995437444250896e+00
